	Player	FGA	FG%	3PA	3P%	FTA	FT%	TOV	PF	ORB	DRB	RPG	SPG	BPG
Hawks														
1	Trae Young	20.8	0.448	9.4	0.375	7.9	0.85	4.8	1.7	0.5	3.8	4.3	1.2	0.1
2	Cam Reddish	8.5	0.319	3.8	0.264	2	0.785	1.7	1.9	0.6	3.2	3.8	1	0.4
3	Jabari Parker	12.3	0.504	3.6	0.27	2.2	0.736	1.9	2.9	1.7	4.3	6	1.3	0.5
4	De'Andre Hunter	11.1	0.403	4.9	0.349	2.2	0.772	1.7	2.6	0.4	3.3	3.8	0.6	0.2
5	Alex Len	6.4	0.554	1.4	0.286	2.1	0.639	0.9	2.3	1.6	3.9	5.5	0.5	0.8
Celtics														
1	Kemba Walker	17.3	0.432	9.1	0.398	4.5	0.874	2.3	1.6	0.8	3.1	3.9	0.9	0.6
2	Marcus Smart	10.7	0.363	6.2	0.314	2.2	0.778	1.2	2.4	0.9	2.4	3.3	1.5	0.5
3	Jaylen Brown	14.9	0.511	5.4	0.395	4.4	0.765	2.3	3	1.1	6.2	7.2	1.1	0.3
4	Jayson Tatum	18.2	0.425	6.6	0.363	3.9	0.848	2.2	2.1	1.1	5.7	6.9	1.3	0.9
5	Enes Kanter	6.7	0.567	0.1	0.25	2	0.667	1	1.7	3.1	5	8.1	0.6	0.9
Nets														
1	Kyrie Irving	22.9	0.444	8.3	0.341	5.7	0.937	2.4	2.9	0.9	4.5	5.4	1.1	0.5
2	Spencer Dinwiddie	17.6	0.42	6.4	0.289	7.2	0.795	2.9	3.2	0.3	2.8	3.1	0.8	0.4
3	Joe Harris	11.6	0.465	6.2	0.418	1.3	0.792	1.4	2.4	0.9	3.2	4.1	0.7	0.3
4	Taurean Prince	11.9	0.37	6.9	0.361	1.1	0.78	2.1	2.7	0.9	5.9	6.8	0.9	0.4
5	Jarrett Allen	6.9	0.648	0.1	0	4.1	0.649	1.2	2.5	3.3	6.5	9.8	0.7	1.3
Hornets														
1	Devonte' Graham	15.7	0.381	9.4	0.389	4.2	0.824	3	1.9	0.9	2.9	3.8	0.8	0.3
2	Terry Rozier	15.1	0.424	6.7	0.391	3.1	0.842	2.6	2.2	0.8	3.6	4.4	1.2	0.2
3	P.J. Washington	9.9	0.481	3.5	0.407	2.5	0.655	1.5	2.7	0.9	4.5	5.4	0.9	0.9
4	Miles Bridges	10.6	0.441	4.1	0.348	1.7	0.803	1.6	2.2	1.2	4.3	5.5	0.6	0.7
5	Cody Zeller	8.2	0.542	1.6	0.298	3.2	0.698	1.4	2.6	2.9	4.4	7.3	0.6	0.4
Bulls														
1	Zach LaVine	18.9	0.427	7.8	0.391	5.5	0.814	3.2	2.2	0.7	3.8	4.5	1.4	0.5
2	Lauri Markkanen	12.2	0.423	6.5	0.35	3.4	0.827	1.7	1.9	1.2	5.5	6.7	0.9	0.5
3	Wendell Carter-Jr	8.4	0.537	0.8	0.214	3.5	0.736	1.7	3.8	3.5	6.4	9.9	0.8	0.9
4	Coby White	11.2	0.371	5.3	0.35	1.5	0.759	1.5	1.4	0.4	3.1	3.4	0.8	0.1
5	Otto Porter	9.3	0.417	4.4	0.4	2.2	0.75	0.8	2.2	0.9	2.6	3.4	1	0.3
Cavaliers														
1	Collin Sexton	15.8	0.451	3.2	0.297	4	0.83	2.1	2.1	1	2.1	3.1	1	0.1
2	Jordan Clarkson	11.2	0.442	5.5	0.371	3	0.884	1.3	1.1	0.7	1.7	2.4	0.6	0.3
3	Darius Garland	11	0.399	5	0.37	1.4	0.86	2.5	1.5	0.5	1.6	2.1	0.7	0
4	Kevin Love	12	0.461	6.3	0.385	3.9	0.851	2.7	1.4	0.9	9.3	10.2	0.5	0.4
5	Tristan Thompson	10.4	0.496	0.2	0.429	3.1	0.602	1.9	2.3	4	6.4	10.4	0.7	1
Mavericks														
1	Tim Hardaway-Jr	11.3	0.424	6.7	0.389	1.9	0.812	0.9	1.6	0.3	2.3	2.6	0.6	0.1
2	Seth Curry	7.7	0.449	4.5	0.388	1.4	0.938	1.1	1.8	0.4	1.6	2	0.6	0.2
3	Luka Doncic	20.2	0.474	9.4	0.331	9.1	0.805	4.2	2.4	1.5	8.2	9.7	1.2	0.2
4	Dorian Finney-Smith	7	0.468	3.9	0.39	1.4	0.712	0.9	2.1	1.9	3.4	5.3	0.7	0.5
5	Kristaps Porzingis	15.2	0.403	6.4	0.343	3.9	0.725	1.7	3	1.7	7.6	9.4	0.6	2.1
Nuggets 														
1	Jamal Murray	15	0.44	5.1	0.335	3.2	0.915	2.2	1.8	0.8	3.3	4.2	1.4	0.3
2	Gary Harris	9.9	0.424	4.3	0.324	1.6	0.83	1.1	2.4	0.6	2.3	2.9	1.4	0.3
3	Will Barton	12.6	0.456	4.3	0.361	2.4	0.753	1.4	2.1	1.6	5.3	7	1.1	0.4
4	Paul Millsap	8.8	0.468	2.3	0.413	3	0.885	1.3	2.8	2	3.8	5.8	0.9	0.7
5	Nikola Jokic	14.6	0.505	4	0.312	3.7	0.803	2.5	3.1	2.3	7.4	9.8	1	0.5
Pistons														
1	Derrick Rose	14.5	0.484	3	0.33	2.8	0.878	2.5	1	0.5	1.7	2.2	0.9	0.3
2	Tony Snell	6.3	0.469	4.3	0.435	0.4	1	0.4	1.7	0.2	1.6	1.8	0.4	0.1
3	Luke Kennard	12.2	0.442	6.5	0.399	2.7	0.893	1.5	2.3	0.3	3.2	3.5	0.4	0.2
4	Blake Griffin	13.9	0.352	6.2	0.243	5.4	0.776	2.2	1.5	0.9	3.7	4.7	0.4	0.4
5	Andre Drummond	13.5	0.529	0.5	0	5.1	0.636	3.6	3.8	4.4	11.6	16	2	1.9
Warriors														
1	Stephen Curry	16.5	0.409	9.2	0.243	4.5	1	3.8	2.5	1	4	5	1.2	0.5
2	D'Angelo Russell	18.8	0.433	9.3	0.363	4.7	0.767	3	2.2	0.3	3.1	3.4	0.9	0.4
3	Alec Burks	12.2	0.423	4.3	0.364	4.4	0.889	1.5	2.2	0.7	3.8	4.5	1.2	0.3
4	Draymond Green	8	0.401	2.9	0.278	2.3	0.746	2.3	2.5	0.6	5.7	6.3	1.5	0.7
5	Glenn Robinson	10.5	0.455	3.2	0.395	1.5	0.833	0.9	1.8	1.4	3.3	4.7	0.9	0.2
Rockets														
1	Russell Westbrook	21.2	0.426	4.8	0.235	6.3	0.784	4.4	3.8	1.6	6.4	7.9	1.5	0.4
2	James Harden	24.3	0.463	13.5	0.386	12.3	0.864	4.7	3.3	1	5	6	1.8	0.8
3	Danuel House	8.8	0.434	5.7	0.38	1.6	0.761	0.9	2.2	1.1	2.9	4	1	0.6
4	PJ Tucker	6.5	0.476	4.3	0.384	0.9	0.767	1	3.3	1.6	5.6	7.3	1.2	0.5
5	Clint Capela	10.1	0.645	0	0	2.8	0.512	1.6	2.7	3.9	10.3	14.2	1	1.8
Pacers														
1	Malcolm Brogdon	14.2	0.446	4.1	0.333	3.9	0.933	2.7	2	0.6	3.7	4.4	0.9	0.2
2	Jeremy Lamb	11.4	0.451	3.7	0.344	3	0.857	1.3	2.2	0.6	4.2	4.8	1.3	0.6
3	TJ Warren	14.4	0.507	3.4	0.371	3	0.839	1.2	2.6	0.9	2.9	3.8	1	0.4
4	Domas Sabonis	13.7	0.522	1.1	0.256	4.5	0.718	2.6	3.4	3.4	9.6	13	0.9	0.6
5	Myles Turner	9.8	0.454	4.6	0.356	2.8	0.728	1.3	2.5	1.3	4.5	5.8	0.5	2
Clippers														
1	Patrick Beverley	7.3	0.414	4.2	0.323	0.9	0.593	1.2	3.3	1.3	4.7	6	1.4	0.6
2	Lou Williams	15.3	0.422	5	0.374	5.6	0.858	3.2	1.5	0.4	2.6	3	0.7	0.1
3	Kawhi Leonard	19.7	0.448	5	0.353	6.6	0.891	3.3	2	1.1	6.5	7.6	1.8	0.5
4	Paul George	17.8	0.429	9.2	0.395	5.1	0.909	3.3	2.5	0.5	5.5	6	1.5	0.5
5	Montrezl Harrell	13.8	0.573	0.4	0	5.5	0.657	1.9	2.3	2.9	4.4	7.3	0.7	1.1
Lakers														
1	Avery Bradley	7.7	0.455	2.7	0.262	0.5	0.75	1.2	2.3	0.6	1.9	2.4	1	0.1
2	Danny Green	7.2	0.434	5.1	0.389	0.8	0.75	0.9	2.2	0.7	2.9	3.7	1.1	0.4
3	Kentavious Caldwell-Pope	7.2	0.466	3.2	0.433	1.4	0.792	0.9	1.8	0.6	1.5	2.1	0.8	0.2
4	LeBron James	19.7	0.486	6.2	0.347	5.5	0.688	3.8	1.8	1.1	6.7	7.8	1.3	0.6
5	Anthony Davis	18.7	0.504	3.7	0.297	8.3	0.859	2.4	2.5	2.2	7.2	9.4	1.5	2.6
Grizzlies														
1	Ja Morant	13.7	0.485	2.3	0.397	4.6	0.797	3.3	1.8	0.6	2.6	3.2	1	0.3
2	Dillon Brooks	13	0.412	5.2	0.384	2.6	0.838	1.7	3.9	0.9	2.4	3.3	1	0.3
3	Jaren Jackson-Jr	13.5	0.479	6.4	0.408	3	0.757	1.7	4.1	1.1	3.9	5	0.6	1.5
4	Jae Crowder	9.4	0.381	6.3	0.308	2.1	0.773	1.3	2.1	0.9	5.2	6.2	1	0.4
5	Jonas Valanciunas	10.3	0.593	1.5	0.451	2.2	0.75	2.1	2.6	2.6	7.1	9.7	0.3	0.9
Heat														
1	Kendrick Nunn	13.9	0.438	5.9	0.34	1.5	0.8	1.8	2.4	0.3	2.6	2.8	0.9	0.2
2	Tyler Herro	11.7	0.416	5.4	0.378	1.9	0.846	1.9	1.3	0.3	3.9	4.3	0.7	0.1
3	Jimmy Butler	13.6	0.429	2.9	0.27	9.7	0.821	2.6	1.3	2.1	4.8	6.9	2	0.5
4	Justise Winslow	12.7	0.394	2.6	0.231	2.7	0.667	2.3	3.6	1.6	5.5	7.1	0.6	0.4
5	Bam Adebayo	10.2	0.58	0.2	0.111	5.6	0.677	2.9	2.7	2.7	8	10.6	1.3	1.2
Bucks														
1	Eric Bledsoe	11.5	0.481	3.6	0.361	3	0.813	2.3	2.2	0.8	3.9	4.7	0.9	0.5
2	Khris Middleton	14.6	0.476	5.4	0.389	2.9	0.901	2.1	2.3	0.9	4.7	5.6	0.9	0.2
3	Wesley Matthews	6.2	0.422	4.3	0.376	1.1	0.795	0.7	1.5	0.2	2.2	2.4	0.7	0.2
4	Giannis Antetokounmpo	20.1	0.553	5.2	0.326	10.2	0.615	3.5	3.1	2.5	10.3	12.8	1.3	1.1
5	Brook Lopez	8.9	0.408	4.8	0.304	1.8	0.864	1	2.4	0.7	4.2	4.9	0.7	2.6
Timberwolves														
1	Jeff Teague	9.8	0.456	2.6	0.392	4.5	0.867	2.3	2.1	0.4	2.2	2.7	0.8	0.4
2	Andrew Wiggins	20.4	0.442	6.8	0.323	5.2	0.752	2.5	2.4	1.4	4	5.4	0.7	1.1
3	Robert Covington	9.8	0.44	6.1	0.349	2.1	0.833	1.5	3	0.7	5.1	5.8	1.6	0.9
4	Jake Layman	9.4	0.462	3.9	0.352	0.7	0.6	1.3	2.2	0.9	2.1	2.9	0.9	0.7
5	Karl-Anthony Towns	17.5	0.514	8.5	0.418	6.2	0.796	3.1	3.5	2.7	9	11.7	1	1.3
Pelicans														
1	Lonzo Ball	11.1	0.409	6.3	0.366	1.3	0.514	2.5	1.9	1.2	3.9	5.1	1.2	0.2
2	JJ Redick	10.8	0.451	6.7	0.462	3	0.895	1.1	1.6	0.2	2.7	2.9	0.3	0.2
3	Jrue Holiday	17.9	0.438	5.8	0.342	2.8	0.708	3.1	2.1	1.3	3.5	4.9	1.7	0.7
4	Josh Hart	8.8	0.411	6.2	0.348	1.8	0.741	1.2	2.8	0.8	4.8	5.7	1	0.3
5	Brandon Ingram	18.6	0.48	5.8	0.404	5.7	0.867	2.9	3	0.9	5.9	6.8	1	0.8
Knicks														
1	Elfrid Payton	8.4	0.412	1.8	0.265	1.4	0.519	1.9	1.9	1.2	2.9	4.1	1.5	0.4
2	RJ Barrett	13.2	0.393	3.5	0.31	4.2	0.572	2.2	2.3	1.1	4.1	5.2	1	0.4
3	Mitchell Robinson	6	0.709	0	0	2.7	0.622	0.6	3.5	3	3.9	7	0.8	1.8
4	Marcus Morris	14.2	0.438	5.8	0.469	4.6	0.83	1.6	3	1.2	4.4	5.5	0.8	0.5
5	Julius Randle	15.1	0.449	4.2	0.286	5.4	0.697	2.9	2.7	2.2	6.9	9.1	0.7	0.2
Thunder														
1	Chris Paul	12.1	0.47	4.4	0.373	4	0.905	2.1	2.4	0.3	4.7	5.1	1.5	0.1
2	Dennis Schroder	15	0.467	5.1	0.355	3.3	0.814	2.9	2.2	0.3	3.4	3.8	0.7	0.3
3	Shai Gilgeous-Alexander	15.7	0.462	3.6	0.338	5	0.806	2	1.6	0.7	4.6	5.3	1.2	0.4
4	Danilo Gallinari	13.2	0.423	7.3	0.392	4.4	0.891	1.4	1.3	0.6	5	5.6	0.7	0.1
5	Steven Adams	8.1	0.61	0	0	3.5	0.558	1.5	1.9	3.8	6.5	10.3	0.6	1.2
Magic														
1	Markelle Fultz	10.2	0.459	1.9	0.254	2.2	0.744	1.9	2	0.4	2.6	3	1.2	0.2
2	Aaron Gordon	12.2	0.409	4	0.276	3.1	0.694	1.7	2	1.7	5.8	7.5	0.7	0.6
3	Evan Fournier	14.2	0.471	6.2	0.407	3.5	0.808	1.9	2.5	0.1	2.5	2.6	1	0.2
4	Jonathan Isaac	10.1	0.463	2.8	0.33	2.3	0.767	1.5	2.5	1.8	5.2	6.9	1.6	2.4
5	Nikola Vucevic	15.9	0.448	4.4	0.36	3	0.782	1.2	2	2.7	8.6	11.3	0.8	1
Sixers														
1	Ben Simmons	10.8	0.563	0.1	0.4	4.6	0.59	3.6	3.4	1.9	5.6	7.5	2.2	0.7
2	Josh Richardson	12.8	0.434	5	0.358	2.7	0.768	2.1	2.8	0.8	2.5	3.3	1.1	0.6
3	Tobias Harris	15.6	0.487	4.6	0.354	3.2	0.805	1.6	2.5	0.8	5.7	6.5	0.8	0.7
4	Al Horford	11.2	0.453	4	0.341	1.1	0.692	1.1	2.2	1.6	4.9	6.5	1	0.9
5	Joel Embiid	16.3	0.472	3.8	0.322	8.1	0.837	3	3.5	2.5	9.8	12.3	0.8	1.4
Suns														
1	Ricky Rubio	11.7	0.412	3.6	0.319	3.1	0.833	2.5	2.5	0.7	3.9	4.6	1.3	0.2
2	Devin Booker	18.1	0.51	5.1	0.358	6.5	0.914	3.8	3	0.6	3.2	3.8	0.7	0.2
3	Kelly Oubre-Jr	14.1	0.46	5.2	0.356	4.4	0.79	1.5	3.2	1.2	4.9	6.1	1.5	0.7
4	Dario Saric	8.6	0.438	4.2	0.325	1.4	0.83	1.3	2.4	1.5	5	6.5	0.6	0.3
5	Aron Baynes	9.7	0.5	4.1	0.348	1.9	0.717	1.2	3.8	1.7	4.4	6.1	0.2	0.6
Trailblazers														
1	Damian Lillard	18.9	0.442	9.4	0.362	7.6	0.891	2.8	1.8	0.4	3.7	4.2	1	0.4
2	CJ McCollum	19.4	0.453	7	0.365	2.3	0.802	1.8	2.6	0.8	3.5	4.3	0.8	0.6
3	Rodney Hood	8.2	0.506	3.4	0.493	1.3	0.778	0.9	2.2	0.5	3	3.4	0.8	0.2
4	Carmelo Anthony	14.3	0.435	3.9	0.411	3	0.812	1.8	3.1	1	5	6	1.1	0.7
5	Hassan Whiteside	10.8	0.602	0.1	0.5	3.6	0.768	1.9	3	4.1	9.9	14	0.4	2.9
Kings														
1	De'Aaron Fox	13.7	0.46	3.2	0.312	6.5	0.721	3.4	2.9	0.8	3	3.9	1.3	0.5
2	Buddy Hield	17.8	0.414	9.9	0.372	2.4	0.824	2.6	2.6	0.9	4.2	5.2	0.8	0.3
3	Harrison Barnes	11.5	0.447	3.9	0.354	4.6	0.798	1.3	1.2	0.9	3.9	4.9	0.7	0.2
4	Bogdan Bogdanovic	12.4	0.426	6.9	0.383	2	0.661	2	2	0.3	2.6	3	1.1	0.3
5	Richaun Holmes	8.4	0.658	0	0	2.5	0.817	1.2	3.9	3.1	5.4	8.5	1.1	1.4
Spurs														
1	Dejounte Murray	8.7	0.487	1.4	0.349	1.9	0.793	2.2	2.4	1.2	4.6	5.8	1.7	0.3
2	Bryn Forbes	9.8	0.401	6	0.365	1.3	0.872	0.9	1.8	0.3	2.2	2.4	0.5	0
3	DeMar DeRozan	16	0.53	0.7	0.304	5.7	0.813	2.5	2.8	0.6	4.6	5.1	0.9	0.3
4	Derrick White	7.3	0.463	2.5	0.39	2.2	0.806	1.2	2.1	0.5	2.5	3	0.5	0.6
5	LaMarcus Aldridge	15.1	0.509	2.2	0.459	3.5	0.851	1.3	2.4	2.2	5.6	7.8	0.6	1.9
Raptors														
1	Kyle Lowry	15.2	0.408	9	0.353	6.2	0.87	3	3.1	0.5	4.2	4.7	1.1	0.5
2	Fred VanVleet	15	0.394	6.9	0.372	4.2	0.847	2.5	2.2	0.3	3.6	3.9	1.9	0.4
3	Pascal Siakam	20.5	0.457	6.3	0.392	4.7	0.812	2.7	2.9	1.4	6.6	8	1	1
4	Norman Powell	10.5	0.493	4.9	0.389	2.6	0.826	1.6	1.9	0.6	3.3	3.9	1.1	0.4
5	Ogugua Anunoby	8.9	0.489	3.8	0.36	1.3	0.625	1.3	2.5	1.1	4.8	5.9	1.1	0.8
Jazz														
1	Mike Conley	12.3	0.365	5	0.36	3.5	0.803	2	2.2	0.7	2.6	3.3	0.7	0.2
2	Donovan Mitchell	20.2	0.462	6.2	0.36	4.9	0.84	2.5	2.4	0.8	3.8	4.5	1.1	0.3
3	Bojan Bogdanovic	15.4	0.439	7.1	0.418	4.9	0.895	2.8	1.9	0.7	3.7	4.4	0.7	0.1
4	Joe Ingles	8.2	0.444	5.2	0.412	1.3	0.804	1.9	2.2	0.4	4	4.4	0.9	0.2
5	Rudy Gobert	8.5	0.666	0	0	5.2	0.607	2.1	3.1	3.6	10.7	14.4	0.7	1.8
Wizards														
1	Ish Smith	10.2	0.471	2.7	0.371	1.3	0.652	1.2	1.6	0.4	2.4	2.9	0.8	0.4
2	Bradley Beal	21.7	0.435	8.1	0.315	7.6	0.831	3.3	2.5	1.1	3.7	4.8	1.1	0.3
3	Davis Bertans	11.3	0.449	8.6	0.434	1.7	0.894	0.8	2.6	0.9	4	4.9	0.6	0.6
4	Rui Hachimura	12.1	0.482	1.9	0.208	2.2	0.852	0.8	2.3	1.6	4.2	5.8	0.7	0.1
5	Thomas Bryant	10.2	0.549	1.9	0.286	2.9	0.736	1.3	2.4	2.3	6.2	8.5	0.4	1
